=== gain by readout mode (two-image difference method) ===
Region x[50:250] y[1350:1550]
quicklook=False; data directory=/data20/CD5/IMG/jun26/

mode         ITIME  pairs  reads   maxDN  gain(e-/DN)    err  RN(e-)
   Fast0.6 : illuminated ramps=[6193, 6194, 6195, 6196, 6197, 6198, 6199, 6200, 6201, 6202]; pairs=[(6193, 6194), (6194, 6195), (6195, 6196), (6196, 6197), (6197, 6198), (6198, 6199), (6199, 6200), (6200, 6201), (6201, 6202)]
Fast0.6     0.5825      9    101     914        2.297  0.129     0.8
   Fast1.0 : illuminated ramps=[6223, 6224, 6225, 6226, 6227, 6228, 6229, 6230, 6231, 6232]; pairs=[(6223, 6224), (6224, 6225), (6225, 6226), (6226, 6227), (6227, 6228), (6228, 6229), (6229, 6230), (6230, 6231), (6231, 6232)]
Fast1.0     1.0486      9     56     968        6.313  1.611    63.2
   Slow5.2: illuminated ramps=[6163, 6164, 6165, 6166, 6167, 6168, 6169, 6170, 6171, 6172]; pairs=[(6163, 6164), (6164, 6165), (6165, 6166), (6166, 6167), (6167, 6168), (6168, 6169), (6169, 6170), (6170, 6171), (6171, 6172)]
Slow5.2     5.2429      9     21   39554        0.004  0.001     0.0
