=== gain by readout mode (two-image difference method) ===
Region x[100:350] y[1400:1650]
quicklook=True; data directory=/data20/CD5/IMG/jun25/ql_redux

mode         ITIME  pairs  reads   maxDN  gain(e-/DN)    err  RN(e-)
   Fast0.6_Default: illuminated ramps=[6057, 6058, 6059, 6060, 6061, 6062, 6063, 6064, 6065, 6066]; pairs=[(6057, 6058), (6058, 6059), (6059, 6060), (6060, 6061), (6061, 6062), (6062, 6063), (6063, 6064), (6064, 6065), (6065, 6066)]
Fast0.6_Default   0.5825      9    101      85       53.213  0.450    56.7
   Fast1.0_Default: illuminated ramps=[6087, 6088, 6089, 6090, 6091, 6093, 6094, 6095, 6096]; pairs=[(6087, 6088), (6088, 6089), (6089, 6090), (6090, 6091), (6091, 6093), (6093, 6094), (6094, 6095), (6095, 6096)]
Fast1.0_Default   1.0486      8     56      84       37.956  0.373    30.1
   Slow5.2_Default: illuminated ramps=[6027, 6028, 6029, 6030, 6031, 6032, 6033, 6034, 6035, 6036]; pairs=[(6027, 6028), (6028, 6029), (6029, 6030), (6030, 6031), (6031, 6032), (6032, 6033), (6033, 6034), (6034, 6035), (6035, 6036)]
Slow5.2_Default   5.2429      9     10    1974        1.480  0.011    28.7
