=== gain by readout mode (two-image difference method) ===
Region x[833:1020] y[1284:1500]
quicklook=False; data directory=/data20/CD5/IFS/

mode         ITIME  pairs  reads   maxDN  gain(e-/DN)    err  RN(e-)
   Fast1.0_Default: illuminated ramps=[21581, 21582, 21583, 21584, 21585, 21586, 21587, 21588, 21589, 21590]; pairs=[(21581, 21582), (21582, 21583), (21583, 21584), (21584, 21585), (21585, 21586), (21586, 21587), (21587, 21588), (21588, 21589), (21589, 21590)]
Fast1.0_Default   1.0486      9     27     704       41.165  0.535    54.7
   Fast1.0_II: illuminated ramps=[21591, 21592, 21593, 21594, 21595, 21596, 21597, 21598, 21599, 21600]; pairs=[(21591, 21592), (21592, 21593), (21593, 21594), (21594, 21595), (21595, 21596), (21596, 21597), (21597, 21598), (21598, 21599), (21599, 21600)]
Fast1.0_II   1.0486      9     27     769       36.863  0.311    46.5
   Fast1.0_III: illuminated ramps=[21601, 21602, 21603, 21604, 21605, 21606, 21607, 21608, 21609, 21610]; pairs=[(21601, 21602), (21602, 21603), (21603, 21604), (21604, 21605), (21605, 21606), (21606, 21607), (21607, 21608), (21608, 21609), (21609, 21610)]
Fast1.0_III   1.0486      9     27     800       34.933  0.382    45.6
