=== gain by readout mode (two-image difference method) ===
Region x[50:350] y[1350:1650]
quicklook=False; data directory=/data20/CD5/IMG/

mode         ITIME  pairs  reads   maxDN  gain(e-/DN)    err  RN(e-)
   Fast1.0_Default: illuminated ramps=[6087, 6088, 6089, 6090, 6091, 6093, 6094, 6095, 6096]; pairs=[(6087, 6088), (6088, 6089), (6089, 6090), (6090, 6091), (6091, 6093), (6093, 6094), (6094, 6095), (6095, 6096)]
Fast1.0_Default   1.0486      8     56      82       39.054  0.614    37.3
   Fast1.0_II: illuminated ramps=[6097, 6098, 6099, 6100, 6101, 6102, 6103, 6104, 6105, 6106]; pairs=[(6097, 6098), (6098, 6099), (6099, 6100), (6100, 6101), (6101, 6102), (6102, 6103), (6103, 6104), (6104, 6105), (6105, 6106)]
Fast1.0_II   1.0486      9     56      90       36.370  0.476    34.8
   Fast1.0_III: illuminated ramps=[6107, 6108, 6109, 6110, 6111, 6112, 6113, 6114, 6115, 6116]; pairs=[(6107, 6108), (6108, 6109), (6109, 6110), (6110, 6111), (6111, 6112), (6112, 6113), (6113, 6114), (6114, 6115), (6115, 6116)]
Fast1.0_III   1.0486      9     56      94       35.240  0.376    33.1
