=== gain by readout mode (two-image difference method) ===
Region x[833:1020] y[1284:1500]

mode         ITIME  pairs  reads   maxDN  gain(e-/DN)    err  RN(e-)
   Slow5.2_Default: illuminated ramps=[21611, 21612, 21613, 21614, 21615, 21616, 21617, 21618, 21619, 21620]; pairs=[(21611, 21612), (21612, 21613), (21613, 21614), (21614, 21615), (21615, 21616), (21616, 21617), (21617, 21618), (21618, 21619), (21619, 21620)]
Slow5.2_Default   5.2429      9      4   12481        1.509  0.019    43.3
   Slow5.2_II: illuminated ramps=[21621, 21622, 21623, 21624, 21625, 21626, 21627, 21628, 21629, 21630]; pairs=[(21621, 21622), (21622, 21623), (21623, 21624), (21624, 21625), (21625, 21626), (21626, 21627), (21627, 21628), (21628, 21629), (21629, 21630)]
Slow5.2_II   5.2429      9      4   14694        1.285  0.015    37.8
   Slow5.2_III: illuminated ramps=[21631, 21632, 21633, 21634, 21635, 21636, 21637, 21638, 21639, 21640]; pairs=[(21631, 21632), (21632, 21633), (21633, 21634), (21634, 21635), (21635, 21636), (21636, 21637), (21637, 21638), (21638, 21639), (21639, 21640)]
Slow5.2_III   5.2429      9      4   15393        1.269  0.014    39.8
