=== gain by readout mode (two-image difference method) ===
Region x[833:1020] y[1284:1500]

mode         ITIME  pairs  reads   maxDN  gain(e-/DN)    err  RN(e-)
   Fast0.6: illuminated ramps=[20623, 20624, 20625, 20626, 20627, 20628, 20629, 20630, 20631, 20632]; pairs=[(20623, 20624), (20624, 20625), (20625, 20626), (20626, 20627), (20627, 20628), (20628, 20629), (20629, 20630), (20630, 20631), (20631, 20632)]
Fast0.6     0.5825      9     50     786       44.637  0.084    42.8   [row-detrended]
   Fast1.0: illuminated ramps=[20613, 20614, 20615, 20616, 20617, 20618, 20619, 20620, 20621, 20622]; pairs=[(20613, 20614), (20614, 20615), (20615, 20616), (20616, 20617), (20617, 20618), (20618, 20619), (20619, 20620), (20620, 20621), (20621, 20622)]
Fast1.0     1.0486      9     27     752       41.316  2.130    74.9
   Slow5.2: illuminated ramps=[20633, 20634, 20635, 20636, 20637, 20638, 20639, 20640, 20641, 20642]; pairs=[(20633, 20634), (20634, 20635), (20635, 20636), (20636, 20637), (20637, 20638), (20638, 20639), (20639, 20640), (20640, 20641), (20641, 20642)]
Slow5.2     5.2429      9      4   13547        1.495  0.016    42.3
