=== gain by readout mode (two-image difference method) ===
Region x[833:1020] y[1284:1500]

mode         ITIME  pairs  reads   maxDN  gain(e-/DN)    err  RN(e-)
   Fast0.6_Default: illuminated ramps=[21551, 21552, 21553, 21554, 21555, 21556, 21557, 21558, 21559, 21560]; pairs=[(21551, 21552), (21552, 21553), (21553, 21554), (21554, 21555), (21555, 21556), (21556, 21557), (21557, 21558), (21558, 21559), (21559, 21560)]
Fast0.6_Default   0.5825      9     50     734       44.315  0.084    42.2   [row-detrended]
   Fast0.6_II: illuminated ramps=[21561, 21562, 21563, 21564, 21565, 21566, 21567, 21568, 21569, 21570]; pairs=[(21561, 21562), (21562, 21563), (21563, 21564), (21564, 21565), (21565, 21566), (21566, 21567), (21567, 21568), (21568, 21569), (21569, 21570)]
Fast0.6_II   0.5825      9     50     804       39.968  0.059    37.4   [row-detrended]
   Fast0.6_III: illuminated ramps=[21571, 21572, 21573, 21574, 21575, 21576, 21577, 21578, 21579, 21580]; pairs=[(21571, 21572), (21572, 21573), (21573, 21574), (21574, 21575), (21575, 21576), (21576, 21577), (21577, 21578), (21578, 21579), (21579, 21580)]
Fast0.6_III   0.5825      9     50     835       38.278  0.055    35.1   [row-detrended]
