=== gain by readout mode (two-image difference method) ===
Region x[833:1020] y[1284:1500]

mode         ITIME  pairs  reads   maxDN  gain(e-/DN)    err  RN(e-)
   Fast0.6_Default: illuminated ramps=[21551, 21552, 21553, 21554, 21555, 21556, 21557, 21558, 21559, 21560]; pairs=[(21551, 21552), (21552, 21553), (21553, 21554), (21554, 21555), (21555, 21556), (21556, 21557), (21557, 21558), (21558, 21559), (21559, 21560)]
Fast0.6_Default   0.5825      9     50     734       44.315  0.084    42.2   [row-detrended]
   Fast1.0_Default: illuminated ramps=[21581, 21582, 21583, 21584, 21585, 21586, 21587, 21588, 21589, 21590]; pairs=[(21581, 21582), (21582, 21583), (21583, 21584), (21584, 21585), (21585, 21586), (21586, 21587), (21587, 21588), (21588, 21589), (21589, 21590)]
Fast1.0_Default   1.0486      9     27     704       41.165  0.535    54.7
   Slow5.2_Default: illuminated ramps=[21611, 21612, 21613, 21614, 21615, 21616, 21617, 21618, 21619, 21620]; pairs=[(21611, 21612), (21612, 21613), (21613, 21614), (21614, 21615), (21615, 21616), (21616, 21617), (21617, 21618), (21618, 21619), (21619, 21620)]
Slow5.2_Default   5.2429      9      4   12481        1.509  0.019    43.3
