=== gain by readout mode (two-image difference method) ===
Region x[50:350] y[1350:1650]
quicklook=False; data directory=/data20/CD5/IMG/

mode         ITIME  pairs  reads   maxDN  gain(e-/DN)    err  RN(e-)
   Slow5.2_Default: illuminated ramps=[6027, 6028, 6029, 6030, 6031, 6032, 6033, 6034, 6035, 6036]; pairs=[(6027, 6028), (6028, 6029), (6029, 6030), (6030, 6031), (6031, 6032), (6032, 6033), (6033, 6034), (6034, 6035), (6035, 6036)]
Slow5.2_Default   5.2429      9     10    1958        1.488  0.037    32.1
   Slow5.2_II: illuminated ramps=[6037, 6038, 6039, 6040, 6041, 6042, 6043, 6044, 6045, 6046]; pairs=[(6037, 6038), (6038, 6039), (6039, 6040), (6040, 6041), (6041, 6042), (6042, 6043), (6043, 6044), (6044, 6045), (6045, 6046)]
Slow5.2_II   5.2429      9     10    2120        1.183  0.033    25.1
   Slow5.2_III: illuminated ramps=[6047, 6048, 6049, 6050, 6051, 6052, 6053, 6054, 6055, 6056]; pairs=[(6047, 6048), (6048, 6049), (6049, 6050), (6050, 6051), (6051, 6052), (6052, 6053), (6053, 6054), (6054, 6055), (6055, 6056)]
Slow5.2_III   5.2429      9     10    2152        1.197  0.016    25.8
